-0.509873002 -0.6065830024 0.6099890024 5
0.9063870218 0.2818460068 0.3146830076 1000
-0.395044152 0.8262843178 0.4014901544 1995
0.1496350157 0.4881420511 -0.85984109 3005
0.1778560692 -0.9278373609 0.3278491275 995
-0.4028657638 -0.7609205538 -0.5086247017 2990
0.7410922328 0.5372281687 -0.4027011265 2005
0.3836440062 -0.2425990039 -0.8910460144 990
0.5517459294 -0.1469569812 0.820962895 1985
0.9045604735 -0.419130756 -0.07810095454 3000
-0.1548110795 -0.8469394351 -0.5086522613 1005
0.3113879559 -0.02715299616 -0.9498948656 1985
0.8621488761 0.4668939329 -0.1967469717 2995
-0.3600667921 0.3270648112 -0.8737164955 1005
-0.9708290857 0.2174670192 -0.1009900089 1995
-0.2802708959 0.955839645 -0.08842396716 2995
0.511074714 0.6059426609 -0.6096196588 5
0.9178999116 -0.2768199733 -0.2843069726 995
-0.4180168271 -0.8667516416 -0.2720358875 2000
0.1546681166 -0.3325542508 -0.9303147016 3010
0.7160307534 -0.121934958 0.6873367633 3005
0.5769767596 0.6363157348 -0.5120547866 995
-0.1531679078 0.8269825022 -0.5409616744 2005
0.7727244348 -0.5623525887 0.2943747847 995
-0.2628298971 -0.4982238049 -0.8262526765 1990
-0.736295782 0.07049397913 0.6729778008 2985
-0.3938680885 -0.3446910774 -0.8520891914 1005
0.8219738517 -0.2269249591 -0.5223639058 2000
0.3303277976 0.9081794435 -0.2570868425 3000
-0.5020407598 0.7913806213 0.3488148331 995
0.8531462533 0.4087881214 0.3240890962 1990
0.4774329062 -0.6376018747 0.6045838812 2990
0.5120619337 0.6060589215 -0.6086749212 5
-0.3265731068 0.76416125 0.556244182 3005
0.5974858261 0.8014317667 0.0267919922 1000
0.6045665175 -0.7677753873 0.2121798307 2000
0.2755588907 0.3387848656 -0.8996066432 990
0.2836078245 0.564050651 -0.7755085202 1990
0.8218840697 0.3512770298 0.4484540381 2990
0.9215491849 0.2306380463 -0.3123350627 995
0.2279941319 -0.01566000906 0.9735365632 2985
-0.03830098883 -0.9985707087 0.03727698913 1995
0.6130989415 0.4564909565 -0.6447679385 3005
0.7994009796 -0.1315899966 0.5862099851 995
-0.2891319714 0.5196149486 0.8039919205 2010
0.004348000168 -0.9959790384 -0.08948100345 1000
-0.765116129 0.3767130635 -0.5221920881 1990
-0.9974223681 -0.006693995759 -0.07144095474 3000
0.5117399104 0.6054018941 -0.6095988933 5
-0.08651398745 0.5537389197 0.8281838798 1005
-0.9623410209 -0.2054630045 0.1780020039 2005
-0.06417597511 -0.9627486267 -0.2626718981 3000
-0.6510491569 0.7434051792 0.1532440369 3000
-0.01303599267 0.698495607 -0.7154955974 1005
0.1063180379 -0.2345840835 0.9662643441 1985
-0.7097611277 -0.04036300726 0.7032851266 1005
-0.4003727437 -0.4340937222 -0.8070094835 2985
-0.462500947 -0.8486959027 0.2565309706 2005
-0.6218710114 -0.6098020111 -0.491343009 995
-0.6369150474 -0.3295470245 -0.6969490519 1990
-0.01318099848 0.8158269062 -0.5781459335 3005
-0.5784598147 0.8136547393 -0.05788098146 1000
-0.626633026 0.4417800183 0.6419980266 2990
-0.7664769462 0.5941889583 0.2438289829 2000
-0.5125840253 -0.6052160299 0.6090740301 5
0.06908603423 0.0131150065 0.9975244942 990
-0.6494050579 -0.1964590175 0.7346270654 2005
0.6747628831 0.7309638734 0.1019159823 2995
-0.9857982046 0.1118820232 -0.125237026 1000
-0.03861300337 -0.8438220737 -0.5352320468 2005
-0.8117064804 0.4408457178 -0.3831287548 3000
-0.2840498768 -0.8947766119 0.3445148506 995
0.3640970978 -0.5611921507 0.7433011996 2005
-0.9382997377 -0.04164098836 0.343306904 3000
-0.6500337735 0.4976048266 0.5743217999 1005
-0.7593477971 -0.6492018265 -0.04390798827 1995
0.3309309089 0.09765197311 -0.9385887415 3010
0.5292757615 -0.5749707409 0.6239197188 990
0.06520502231 0.2037490697 0.9768493342 2010
-0.3442970354 0.9388270965 0.007952000817 1995
0.5149928798 0.6021988595 -0.6100318577 5
0.8551698781 0.5165859264 -0.04270199391 1000
0.2759129012 -0.4028068558 0.8727076875 3010
-0.5734296196 -0.7201075223 0.3906707408 2990
-0.6121100726 -0.1102230131 -0.7830530929 1005
-0.9037015202 -0.02160098853 -0.427617773 1990
-0.0331080018 -0.6832110372 -0.7294700397 3005
-0.2046029983 0.8138679934 0.5438349956 1000
-0.5874697486 0.3077958683 0.7484256797 2010
-0.5390730001 0.7939950001 -0.28102 3000
-0.5792346249 -0.3604107666 0.7311575265 995
0.2185028791 0.8244985438 -0.5219757112 2005
-0.652474198 -0.2084040632 -0.7285912211 2985
-0.3494608635 -0.9324676359 -0.09154896425 2995
-0.8331549551 0.5456519706 0.09009299514 1000
-0.5238947993 -0.5946697722 0.6098377664 5
-0.8434658122 0.3867929139 0.372768917 2990
0.3455028328 0.9169695561 0.1994859034 995
-0.9633244265 0.1789348935 0.1999708809 1995
0.4840771291 0.6782081809 0.5529041475 1995
0.03152699727 -0.3795109671 0.9246499199 1005
-0.8204135203 0.5398946843 -0.1882428899 2000
0.3075289799 -0.9225819398 -0.2329559848 2990
0.2881659525 0.631197896 0.7201038813 1005
0.2303339475 0.2802279362 -0.9318897877 2010
-0.9247357366 -0.3482939008 -0.1534769563 2995
0.427024971 -0.7932699461 0.4340189705 1000
0.05740801384 -0.9675532333 -0.2460590593 1995
0.05821699918 0.141289998 -0.9882549861 3010
-0.9858060646 -0.167457011 0.01202300079 1000
0.3869120759 0.1393850274 0.9115211789 2005
0.9086877334 -0.1006219705 0.4051688811 2990
-0.5237498058 -0.5913287808 0.6132017726 5
-0.2618669198 0.02793199145 0.9646997047 990
-0.3108738708 -0.6888827136 0.6548267278 2990
-0.8519070328 -0.2022630078 0.4830570186 2005
0.2982959555 -0.951420858 -0.07627498862 1000
0.465594765 -0.7205906364 0.5137807407 2005
-0.480986106 0.2396660528 0.8433341858 2985
-0.7908146317 0.2228888962 0.5700287345 995
-0.5708049956 0.6173909953 0.5413039959 2005
-0.008297998687 0.9599288481 -0.2801209557 2990
0.7475320299 0.3216600129 0.5811460233 995
-0.5264480004 -0.6207410005 0.5809760005 2005
-0.8168925879 -0.2550068714 0.517356739 2990
0.2887449742 0.7265649351 -0.6234819443 1005
-0.9675141173 -0.2000760243 -0.1545510187 2000
0.133783965 0.3529799076 0.9260167577 3010
-0.5269178446 -0.5891518263 0.6125828194 5
-0.7092918845 -0.6591778926 0.2497789593 995
0.6555861034 0.6245600985 0.4244190669 3000
0.0221239981 -0.6494259443 -0.7601029348 1990
-0.3917600394 0.5752660579 0.7180480723 1005
0.8788470202 -0.2888780066 0.3797070087 995
0.04612099744 -0.5628959687 0.8252399542 2005
0.5589176067 -0.3614797456 0.7462864748 2990
0.3587351115 0.9331132899 -0.02467200767 2000
-0.7586537697 0.6353928071 -0.1439459563 2995
0.2268899362 0.9681527278 -0.1058359702 1000
-0.7317527539 -0.01858399375 -0.6813167709 2005
0.1473650427 -0.6377981847 0.755974219 2985
0.3563838363 -0.001412999351 0.9343385707 990
0.1804969005 -0.9423704805 0.2817068447 1995
-0.3017140437 0.6035990873 0.7379951068 2985
-0.5300176666 -0.5870286308 0.6119466151 5
0.03222799267 0.3520909199 0.9354107871 990
0.6742988265 0.6625098295 0.326192916 2000
-0.5677178954 -0.1921509646 0.8004838525 3010
-0.792663152 -0.3413230654 0.5051570969 995
-0.5897180353 0.06585100395 0.8049200482 1990
-0.9802381984 0.1659428643 0.1076849119 2995
0.2631950141 -0.6552380351 0.708090038 1005
-0.5907498269 0.8004137655 0.1017469702 2000
0.46740896 0.01439999877 0.8839239244 3005
0.7537610049 0.611772004 0.2399570016 1000
0.2102650699 -0.3089711027 -0.9275373082 1990
0.08589299867 0.8725409865 0.4809309926 2995
-0.8775239467 -0.462196972 0.1277719922 2000
-0.723155031 0.629519027 0.2841700122 995
-0.6863067574 -0.7109027487 0.1536239457 2990
-0.5299279118 -0.5832579029 0.6156188975 5
0.6214599455 -0.2916469744 0.7271379363 995
-0.6118155977 0.6871285482 0.3918367424 3005
0.5623340654 -0.4102430477 0.7179700835 1990
0.2732029426 -0.8496728214 0.4510169052 3005
0.9756622495 -0.05727701465 -0.2116660541 1000
-0.8984438617 0.4264509343 0.1045859839 2000
0.06959299136 -0.942419883 -0.3271109594 1000
0.2573401262 0.7709723781 0.5825612857 1990
-0.5699101805 -0.5220191653 -0.6345852009 2990
0.1004550007 0.9944830068 -0.03020500021 2995
-0.5116291561 -0.04675601427 0.8579332618 990
0.5035131977 0.3625141423 -0.7842563079 2010
0.4394368843 0.7950567906 0.4180668899 995
0.1493658927 0.9335863296 -0.3257397661 2005
-0.9687599359 -0.226126985 0.1018369933 3000
0.5318497989 0.5812497802 -0.6158607671 5
0.04382599202 0.8631728428 -0.5030029084 1005
0.1073850548 -0.1336790682 -0.9851895029 2980
0.2591550556 -0.7702561652 -0.5827041249 2005
-0.925167066 -0.03152100225 -0.378249027 1000
0.2849399736 -0.1109899897 0.9520979118 1985
-0.8939595572 0.2297708862 -0.3847618094 2005
-0.909045695 0.4026698649 -0.107204964 1000
-0.4124399981 -0.435994998 0.7998759964 2985
-0.9274248468 0.3002709504 -0.2229809632 2995
0.2520579229 0.5267348388 -0.8117987516 995
0.669332974 0.7136889723 -0.206497992 1995
-0.8426147409 -0.1214939626 -0.5246328387 3005
-0.4781247054 0.8782464589 -0.008939994492 2995
0.3400408748 -0.92351166 0.1774779347 995
-0.5302099262 -0.5778339196 0.6204719136 5
-0.9088161264 0.03588100499 0.4156510578 1995
0.01100900554 0.7484043764 0.6631513335 1005
-0.4887721519 -0.8372912603 -0.2450410762 2995
-0.7019679456 -0.4762439631 -0.5295589589 1990
-0.6152899483 0.285801976 0.7346669382 995
-0.08544597123 -0.0005299998215 0.9963426645 2010
-0.8684635997 0.1828889157 0.4607847876 2995
-0.5228517321 -0.8167495815 0.244020875 1000
-0.6743917872 0.5898568139 -0.4441448598 2005
-0.2447627846 -0.8383722621 0.4870555713 2990
-0.5421397483 -0.4667037833 -0.6987646756 995
0.179766903 0.9573484834 0.2262028779 2000
-0.2122019423 -0.6279658294 -0.7487517965 2985
-0.132090016 0.1515040184 -0.9795911188 1005
-0.6423479575 0.5555499632 -0.527970965 2990
-0.7520460684 0.4917660447 0.4388540399 1995
-0.5316618444 -0.577528831 0.6195128187 5
-0.05325801354 0.31473808 -0.9476832409 3010
-0.8792134915 -0.03116298197 0.475407725 1005
-0.09211802338 -0.6997181776 0.7084551798 1990
-0.6177627681 0.7044157355 -0.3495248688 1000
-0.423907071 -0.382259064 -0.8210851376 2005
-0.7760285967 -0.4745377534 0.4154437841 2990
-0.459277053 0.7264670839 0.511185059 995
-0.9998955681 -0.005024997829 -0.01354999415 2000
-0.1637410346 0.8977491898 0.4089440864 2995
-0.9041799232 -0.4032909658 -0.140765988 1000
-0.3900098313 0.8708406233 -0.2992138706 2000
-0.4679871665 0.4590221633 0.7551732686 2990
-0.8198003224 -0.5453545493 -0.1746878556 2995
-0.2189101129 -0.240528124 -0.9456344876 1005
-0.7073775938 -0.384920779 0.5928346596 1990
-0.5323308894 -0.5773338801 0.6191198714 5
0.01437699584 -0.980723716 0.1948699436 995
-0.4141369716 0.1798419877 -0.8922709388 3010
0.01030000124 -0.4676870562 -0.8838341063 2005
-0.7087838947 0.423981937 -0.5637949163 995
-0.2780599888 0.944172962 0.1766919929 2005
-0.801181985 0.5645499894 0.1984709963 3000
-0.5714191748 0.04392001343 0.8194822506 2985
-0.8379689309 -0.4541939626 0.3025159751 995
-0.2109979551 0.385022918 -0.8984638087 1990
-0.4977159736 -0.8588719544 0.1209039936 2995
-0.2280840531 0.399551093 0.8878832067 990
-0.5747547905 -0.8162847025 -0.05775997895 1995
-0.4713041355 -0.5261911513 0.7078102035 995
-0.8198909886 -0.2354389967 -0.5218689928 2005
-0.3484069281 -0.2534459477 -0.9024288138 3010
-0.5314600165 -0.5752910178 0.6217640193 5
-0.9453709278 -0.1346239897 -0.2969009773 3000
-0.6778534071 0.7331783587 0.05444495238 1000
-0.7705461506 0.06077501188 0.634480124 1990
-0.7789465242 -0.1159119292 -0.6162846235 995
-0.429504909 0.3618289234 0.8274088248 1990
-0.1417480338 0.9894422356 0.03019200719 3000
-0.5675858412 -0.7910687787 -0.2281589362 1000
-0.7501181954 0.6597081718 -0.04591101196 2000
-0.09086898268 -0.6230648812 0.7768738519 2985
-0.1940038973 0.4817807449 -0.8545465474 990
-0.4342976742 -0.7619924284 0.4803676397 1990
-0.7682739969 0.2678749989 -0.5813759977 2990
-0.8182839811 0.4200679903 0.3923699909 1000
-0.0701089936 0.5491969498 0.8327469239 3005
-0.7019711388 0.1742940345 -0.6905491365 1990
-0.5308880567 -0.5755260615 0.6220350664 5
-0.1579420531 -0.1358680457 0.9780563287 1005
-0.8959027726 -0.4341048898 -0.09439897604 2000
-0.274580007 0.7251570185 -0.6314690161 2990
-0.1347520422 -0.960959301 -0.2416590757 1000
-0.435486739 -0.1406559157 0.889138467 1990
-0.2695199391 -0.9048297954 -0.3296089255 3000
-0.9756822626 0.2177768354 0.02484698122 1000
-0.5969741294 0.7387221601 0.3129080678 2000
-0.766627985 -0.1080969979 0.6329269876 2985
-0.5571309442 0.07218999277 -0.8272809172 995
-0.2554918769 0.6858496695 -0.6814206716 1990
0.4851119943 -0.8313689902 -0.2710939968 3000
0.1390520246 0.5512590976 0.8226651456 1005
-0.4996129132 -0.6343028898 0.5899548975 3005
-0.4074080911 -0.589809132 -0.697240156 2005
-0.5324088886 -0.5750208797 0.62120187 5
-0.2010400655 0.7905622578 -0.5784411886 995
-0.1378339489 0.9881136338 -0.06806797477 1995
-0.916084126 -0.2597110357 0.305516042 3005
-0.3211301309 0.9038743684 0.2826421152 1000
-0.4708476513 -0.7583494385 0.4507866662 995
-0.6909004995 0.6383415376 -0.3393767541 2990
-0.3177839603 0.1802109775 0.9308798838 2985
-0.8891088428 -0.3313809414 0.3157089442 2000
0.1763839786 0.1052069872 0.9786828812 1990
-0.7716244854 -0.4815046789 -0.4156307228 1000
-0.6899180336 -0.3870520188 -0.6117220298 2990
-0.2721709503 -0.8786068397 -0.3923939284 1995
-0.7251887461 -0.1906879332 0.6616187684 1005
-0.9667955548 0.01821799161 -0.2549008826 1995
-0.5150370908 0.641182113 0.5688781003 3005
